1,1,8,2,20,180,2023-06-01 09:45:00
2,1,8,2,15,180,2023-06-15 09:45:00
3,1,8,2,28,180,2023-07-01 09:45:00
4,1,8,2,8,180,2023-07-15 09:45:00
5,1,7,3,8,180,2023-06-01 09:45:00
6,1,7,3,39,180,2023-07-15 09:45:00
7,8,1,2,30,853,2023-05-20 09:45:00
8,8,1,2,32,853,2023-06-01 09:45:00
9,8,1,2,35,853,2023-06-15 09:45:00
10,8,1,2,18,853,2023-07-01 09:45:00
11,8,7,4,15,853,2023-07-15 09:45:00
12,7,1,3,30,500,2023-05-20 09:45:00
13,7,1,3,32,500,2023-06-01 09:45:00
14,7,8,3,35,500,2023-06-15 09:45:00
15,7,8,4,18,500,2023-07-01 09:45:00
16,7,8,4,15,500,2023-07-15 09:45:00